mu1 <-
-10
mu2 <-
10
N <-
1000
sd <-
1
seed <-
0
theta <-
0.3
y <-
c(10.1193581584911, -11.154455607086, -1.15252946919091, 11.317093903837, 
-9.98676008080849, 9.95494325564035, 9.47543065951108, 9.43579772802783, 
10.1055256319749, -1.30009769210118, -1.5151902294608, 9.96668412826361, 
-1.02193498793273, 11.2592420216308, -0.450125510585014, -9.72334637992271, 
10.2949476423733, 0.380116461521783, 10.4774653626131, 9.52748756002614, 
10.1857138255617, 0.52908272865257, -0.58575964065819, -10.0518329207415, 
1.03522594122457, 10.1499920853967, 11.1777953820242, -0.326202437841615, 
-0.269926071841573, 9.47651023129812, -10.3269028711244, 7.89053913517342, 
10.8415676753309, -9.34124324033619, 7.98663082926952, 10.0965859797486, 
10.7386389285981, 9.01500883903902, 8.87944056584049, 11.4883991300369, 
11.0791867792501, 0.141225874513163, 10.1703973395295, 1.48226557849987, 
10.0302202528556, -11.4758953484945, 10.0284381077325, -10.0540233618191, 
9.85975690582704, 9.41291380967033, 9.85717086838026, 9.79784291511662, 
9.74485451944767, 7.94388163440213, 10.6247300618651, -0.570864926987386, 
-0.965895182183768, -0.769694327600189, 9.81877127531702, 1.35485659606988, 
9.97761776141885, 11.4198094982038, 11.2136104980644, 9.95247094325317, 
-11.6214707978093, -10.5574964255578, -0.348689618707289, 9.70195423113579, 
8.24975967469345, 10.3456007150455, 11.1433964957848, 9.3066736310908, 
11.3762126075572, -0.127926345348031, 8.78083132210548, 10.0112206397409, 
10.486081665472, 11.0423151958734, 2.9328786270748, -10.0506137196179, 
7.79022560344608, -10.7307268648666, 8.36845735084848, 8.67295127578839, 
9.9671084321735, -10.4477001770499, -8.66201484069863, 9.68297006781162, 
9.9100882882225, 9.99086324679462, -1.16783632903749, -10.5451260842045, 
11.30278603685, 9.96142884624506, 12.4264558492619, 9.45211422628079, 
-0.773008739079137, 10.605947224916, -9.01201150142563, 11.1642985334916, 
7.65120325233593, 9.80581433707548, 10.6998990868014, 9.25766151617153, 
10.2411628967318, 9.53392792571169, -10.6482383761438, 11.3915116932717, 
1.46558012696305, 8.18060648689686, -9.6576906840641, 9.62430562783497, 
-6.5335672824994, -0.168824160286298, -1.10398873226394, -9.5150109359448, 
-10.7866402165863, 10.8103549037199, 7.49135038107892, -9.26416372930414, 
8.12080852689277, 10.5916468919375, 10.3280390792034, -1.26634124060469, 
10.1590816284842, 11.5851632746262, 1.53603932808726, -0.0677297859644662, 
9.9383101434795, -1.01630022257075, -8.93022071275106, -0.42051065741652, 
9.23238676347722, 10.6318092881789, 9.93911471613989, 10.1570305409079, 
0.561416983097746, 9.31421886013662, 11.0595260905374, 0.0402437679025214, 
11.6399361904087, 10.05569613203, -10.6955107861449, 10.730113813126, 
-10.7077628149269, -9.45625499370818, -10.4974456418878, -7.97882899066119, 
9.65430054653251, -1.31237752799211, 10.4706247850498, 9.64351682388544, 
-0.0582670321585361, -11.9237012515809, 9.456698637801, -8.19543815287012, 
-10.2160088085054, -10.0898353343673, -8.72825771616611, -9.11543319168256, 
0.126857371844533, -1.04624955239267, 10.4608086599964, 11.3838398190642, 
9.85167865164752, -10.179388624724, -10.4289359650839, 8.81272789381622, 
-10.5080586327959, 9.31387238977663, -8.43650175416397, -1.9593042757497, 
9.68387451671946, 11.0990323917029, 11.9916657903295, 10.1302737470902, 
9.6154348066066, 9.60791641906038, 9.46429691256615, 10.0648018124326, 
-0.332039650545015, 9.05742806515812, 1.17459051906192, 9.05603590742291, 
-0.512409951378439, 10.8513281148354, 11.0895607502737, 10.3259787050678, 
9.3831720008504, 0.913226993917494, -10.6293315612912, 10.0250764729242, 
10.5935318659474, 9.68360034328565, -0.483919226894478, 10.5706754254018, 
-0.156340825542043, -11.5073391060866, 8.91276788706107, 11.7982102338227, 
8.50676475899404, -8.71210149938614, 2.08819202633997, -10.102386942469, 
-0.233907057311139, 11.4010364453318, -10.156858855285, 11.3714350196241, 
-10.0379490753347, 8.86303471670101, -9.14665550427099, 9.22326405235869, 
-11.5988969181563, 9.76847974496864, -10.6534861201717, 12.1380744450888, 
8.21923245000247, 10.4863680896314, 11.3058590963769, -9.79442795474485, 
-10.8868526909391, 9.60631919565125, 9.79788198164119, 9.09723198424058, 
10.2663564644074, -10.449938309163, 0.413080384005996, -11.3460765149572, 
10.5832513641206, -9.25110831957553, 10.3443521585578, -10.6449142111521, 
10.5308020644593, 10.6340274676496, 11.9549472014579, 1.27018435574736, 
10.4013744804816, 10.0969881579116, -11.5876547103315, 0.388047481997811, 
0.471348394317215, 8.79643605416212, -11.4689533947663, -10.358639689517, 
-9.39687735321876, 9.15447327175283, 10.6346428310092, 10.9238694799276, 
-11.9616402759058, 10.3468713842824, 11.3031297716265, -10.3896659477553, 
-8.9647640593279, -11.0149095651368, 0.866864024820515, -0.304200487281816, 
-9.40951140770315, -1.02427747554391, 10.817154279059, -9.10593823221908, 
12.1489276786797, 9.55848540228825, 7.86305520957231, 10.9305552734566, 
9.49045779295631, 11.4704240758552, 0.646462058504623, 8.78154797946211, 
10.553682802394, 0.187077060309382, -10.9457216637973, 10.7410364487526, 
-11.4380481555612, 9.28250141675213, 9.60608989661736, 9.38683145989154, 
9.63147734872005, 0.387432123377941, 10.1967755377097, 9.95870360915539, 
-9.38713746831912, 0.0304427175602698, -10.9143599339139, 10.6683927583445, 
11.4105061628131, 10.0016906216584, -0.674329695546265, 9.5807234716679, 
9.61714373959349, 11.3340098712022, 10.407493850778, 9.74383886660522, 
-10.6650976001642, 1.64256278701394, 10.6895007670858, 9.71900948856649, 
9.13814677138207, 11.006464084933, 10.738254012301, -9.62905392810129, 
10.5991772728078, -11.4990833082989, -10.9338072265706, -9.07416970127359, 
9.60926494681994, 11.5669232625941, 0.730846790866531, 8.30438997747686, 
-0.550470842005676, -10.3017736796979, -10.2452536773907, -1.1534195287635, 
8.45480597001559, 9.63799373204531, -12.3006060704614, -11.0098293264892, 
10.2076674957154, 8.41438563095569, -0.397897648221256, 10.3554722727053, 
8.43648372800086, -0.2815476605634, -10.1047372176308, 8.82875351084325, 
-11.3695157516602, -9.73064597195266, 10.1077293835678, 9.27982390543409, 
11.220834105775, -10.9119605663881, 9.31271688933102, 10.1794165548739, 
11.6918081112821, 9.81263576619416, -9.19778150348086, 10.5029346818613, 
-9.31483175576421, 11.0915705934501, 9.54333922537389, -9.82514715224301, 
8.83092388541089, -0.0980901376883768, -11.1057396968008, 0.591983507439436, 
-1.47039602410504, 9.98557143820497, -9.66569610796611, -8.75320342902777, 
-9.59428078734912, 8.26416178306691, 0.0536279678785088, -11.833199267691, 
-0.479283119909301, 2.33568664188681, -1.14847387194649, 8.85010541223478, 
-9.21721976636358, 8.44718268042988, -11.0161417510822, 9.75191882666083, 
11.5572948726096, -0.029013056987828, 0.0730654673252967, -11.5320754671568, 
11.0233579874418, -9.42274936291232, 10.0588437184317, 9.72847902102006, 
-1.40248471982075, 9.01968205416929, 9.65091657396401, -11.0681215943035, 
-8.20075959641174, -0.581986104217354, -0.277838837049004, 9.07207048402558, 
10.3931073940727, 10.1090937490142, 8.92565937410038, 9.31671498091602, 
8.62688546737859, 9.44628226308372, 10.3662767053483, 10.621285748502, 
9.15178802678903, -0.140087691821164, 10.4679675389043, 8.56048697399291, 
-10.2300912533987, 10.2070562525162, 1.20832983238181, 0.152827287001921, 
0.967511932116688, -11.5856111738281, 9.98170166338732, 9.20192918685353, 
11.424245882077, 10.9692817741183, 9.2660451227882, 10.3384305429797, 
-0.26057868844849, 10.4089038104094, -9.75803319058458, 10.3410345655015, 
1.18073917633389, -8.89171367704359, 1.32403150081586, -8.93450148476966, 
9.71046828475542, 9.22249483772858, 11.1811088822162, -1.30482105621309, 
10.4186773546883, -10.7988897509686, 9.10500908367599, 9.87437078626427, 
9.33205928944219, 9.09409598232149, 10.6776808125957, 10.1505962463036, 
-9.19007258046043, 11.0882717609292, -11.0927499226093, -10.9102276181126, 
