N <-
66
y <-
c(24.5764282582505, 24.3368386861458, 14.1562042519469, 22.665195295642, 
30.9114016259544, 31.5443907859802, 19.5760482589843, 20.3018336600052, 
29.0802565235589, 26.4357262078206, 25.6633414030118, 31.1386153060888, 
20.5040880127994, 11.4437425888689, 33.6920556520621, 38.2018517845415, 
27.6347889271184, 38.1278440185943, 26.1079215178161, 32.7247324364048, 
10.3117724710902, 19.5486731884082, 31.9718276549441, 41.666865089069, 
32.3515770840743, 23.6162960365115, 13.5839675567365, 37.3302991806204, 
20.3294039011464, 20.145212682606, 23.3448778697106, 30.1831100691666, 
19.0844920681944, 39.2772440958645, 28.1847643628833, 31.063725468011, 
11.5571364597217, 21.7395972731094, 10.416620198544, 19.2088490405745, 
30.5410255353316, 25.4240248807944, 29.2209833434625, 33.8232607751622, 
33.5493216336757, 32.0495334992869, 23.5766821253552, 36.3009465103055, 
41.2179152946291, 25.3398383691469, 33.2366020067273, 38.5044314510898, 
39.3177568947484, 26.8814340143327, 11.3551247006029, 21.7843045953306, 
40.9379917672614, 36.4002257846501, 19.9577171775039, 31.3617668661044, 
21.3263206204584, 17.977943921789, 28.3420030061419, 15.7238202819025, 
40.7295132525523, 22.6639834226863)
