N <-
101L
x <-
c(-2, -1.96, -1.92, -1.88, -1.84, -1.8, -1.76, -1.72, -1.68, 
-1.64, -1.6, -1.56, -1.52, -1.48, -1.44, -1.4, -1.36, -1.32, 
-1.28, -1.24, -1.2, -1.16, -1.12, -1.08, -1.04, -1, -0.96, -0.92, 
-0.88, -0.84, -0.8, -0.76, -0.72, -0.68, -0.64, -0.6, -0.56, 
-0.52, -0.48, -0.44, -0.4, -0.36, -0.32, -0.28, -0.24, -0.2, 
-0.16, -0.12, -0.08, -0.04, 0, 0.04, 0.08, 0.12, 0.16, 0.2, 0.24, 
0.28, 0.32, 0.36, 0.4, 0.44, 0.48, 0.52, 0.56, 0.6, 0.64, 0.68, 
0.72, 0.76, 0.8, 0.84, 0.88, 0.92, 0.96, 1, 1.04, 1.08, 1.12, 
1.16, 1.2, 1.24, 1.28, 1.32, 1.36, 1.4, 1.44, 1.48, 1.52, 1.56, 
1.6, 1.64, 1.68, 1.72, 1.76, 1.8, 1.84, 1.88, 1.92, 1.96, 2)
y <-
c(0.931054016796562, 1.77778257378117, 1.58349452954357, 1.47687768066611, 
1.29189499865768, 1.53437190537509, 1.34746275338643, 2.10654898387472, 
0.906409797420283, 13.2664076110054, 1.27084945691997, 1.48238757399537, 
1.60878276786613, 11.4713541337472, 1.38827406372144, 1.55797186949097, 
1.70510828032882, 1.75051142147648, 2.32723989919025, 17.344572008566, 
2.12785703798456, 2.25443704474119, 1.73073361640148, 2.10188533145238, 
1.48783332187007, 17.2334865862286, 2.03515019007086, 1.70284037169333, 
1.47330877028392, 1.93440090533923, 2.02690597170781, 1.91845036163662, 
20.9357422619711, 0.655213030401177, 1.58345367317682, 1.78836944020524, 
1.17722865615743, 1.23199209787674, 0.995188437147567, 1.38620204770658, 
1.07929205140067, 1.38346764628992, 0.98554394756321, 1.40631635922077, 
0.370254950211649, 0.937624553217949, 0.518852375770872, 15.1864291067905, 
0.109506618698618, 0.600871657300246, 0.0683845303145192, -0.0261340928581342, 
-0.148703458469532, -0.0621984420501898, 12.7289811734106, -0.283782295012674, 
-0.248687419056627, -0.500704608572895, 0.166330344385955, 13.0133484879312, 
-0.654032425126306, -0.390836108902698, 13.842105946552, -0.908338101158316, 
-0.907048182546054, -1.16212591233591, -0.978397429096574, -0.290805303139569, 
-1.15510336273156, -1.01070847836358, 10.429370302522, 11.9449709330503, 
-1.68588857867736, -0.817387508171241, -0.764595239543315, 12.8233777453787, 
-0.75925856968615, 11.8838967633211, -0.897469509859168, -1.60098933475569, 
-1.22401750991186, -1.3121569926343, -0.713921811789495, -0.828767629574311, 
-1.53017929262522, -0.983228670441805, -0.910847574361113, -0.366757991352531, 
-0.891278811541025, -1.1981978381446, -1.17123940205396, -0.504689193987847, 
-1.44687500219269, -0.765959452307069, -0.776944156438156, -0.894392326265691, 
-0.396939695909608, 14.7042481856588, -0.748367069605421, -0.637855960261817, 
-0.790401661011885)
